26139 2411.46 0
96472.3 2857.54 0
119598 1971.4 0
84616.5 1404.98 0
45496.3 904.371 0
22262 543.081 0
11869.6 329.441 0
5958.51 202.665 0
3215.04 131.138 0
1775.95 83.7298 0
1035.38 121.979 0
637.452 53.3303 0
376.389 33.9605 0
181.306 15.4529 0
47.1208 6.79646 0
19076 1567.44 0
57845.6 1972.04 0
71065.6 1579.99 0
53098 1086.16 0
28929.8 893.87 0
16577.1 399.027 0
8864.07 273.227 0
4616.11 146.233 0
2653.3 100.947 0
1338.16 73.2836 0
769.613 54.3525 0
514.928 42.0246 0
336.189 36.8811 0
176.307 11.5295 0
24.9326 4.55714 0
13696.2 1204.28 0
37155.3 1261.87 0
45216.5 1044.35 0
32811.7 990.039 0
19693.5 436.202 0
10772.6 255.611 0
5989.92 165.185 0
3558.89 124.328 0
1863.66 73.1566 0
1080.44 53.6765 0
629.559 39.7754 0
368.012 33.4515 0
282.273 32.1685 0
107.458 10.4258 0
28.6762 4.18722 0
8661 915.763 0
19234 827.239 0
23116 916.973 0
18895.6 452.714 0
11627 283.824 0
7183.7 177.874 0
3950.7 121.329 0
2268.95 73.6806 0
1389.5 61.7971 0
672.99 38.5531 0
436.245 28.9956 0
288.353 24.8931 0
175.342 18.6503 0
71.7257 8.1619 0
21.5886 5.70958 0
6236.47 459.783 0
10598.1 665.781 0
13309.5 359.976 0
10489.4 283.989 0
7406.39 189.32 0
4294.93 122.609 0
2691.6 86.6531 0
1573.51 60.2079 0
865.723 43.3886 0
513.441 27.9822 0
294.43 23.9928 0
176.855 17.4634 0
109.825 14.9474 0
66.633 7.64793 0
11.1143 1.91132 0
5027.53 276.498 0
5109.77 260.344 0
6757.28 208.616 0
5336.19 173.026 0
3787.63 107.637 0
2445.13 81.1484 0
1449.57 59.0719 0
942.511 44.7121 0
551.242 32.7186 0
271.78 21.0805 0
176.172 17.2261 0
107.379 14.0194 0
59.5306 11.4233 0
31.7989 4.10037 0
7.47746 1.51216 0
10052.2 225.335 0
5028.81 177.816 0
5512.6 152.809 0
4247.7 92.258 0
3110.88 82.2815 0
1967.88 59.5974 0
1209.04 50.8282 0
709.373 33.389 0
389.664 23.1035 0
247.685 19.3435 0
142.575 14.5157 0
75.6524 9.78521 0
52.9273 8.57944 0
23.4514 3.6004 0
5.53372 1.19623 0
