25586.5 2367 0
94861.6 2788.03 0
116673 1975.21 0
82834.6 1372 0
41886.1 804.972 0
21881.5 534.452 0
11615.3 328.337 0
5767.49 190.115 0
3222.38 146.799 0
1707.97 92.6056 0
1021.79 122.508 0
621.156 55.9403 0
366.331 36.1291 0
175.857 15.087 0
46.9084 7.16552 0
18960 1627.16 0
56664.1 1887.77 0
69450.7 1498.9 0
51847.4 1079.47 0
29566.6 931.286 0
16175.9 397.66 0
8663.43 263.028 0
4512.54 136.14 0
2586.21 99.4663 0
1311.5 104.233 0
749.373 48.7804 0
495.35 41.499 0
346.532 35.0556 0
175.621 17.1338 0
24.1714 7.3411 0
13503.9 1211.95 0
36428.4 1326.38 0
44381.9 1373.86 0
32320.9 990.212 0
19887.7 437.933 0
10534.3 254.365 0
5860.78 175.831 0
3482.12 124.663 0
1814.13 68.1294 0
1043.93 56.3212 0
613.21 40.6257 0
343.479 27.4289 0
269.421 26.9221 0
109.308 12.516 0
27.3606 4.2606 0
8481.3 893.487 0
18745 1085.4 0
22295 883.785 0
18110.1 651.011 0
11212.4 257.89 0
7007.31 179.18 0
4023.67 124.496 0
2204.28 72.9479 0
1349.21 61.5213 0
672.396 45.5551 0
431.03 28.9463 0
264.344 34.9231 0
164.505 17.9516 0
69.159 7.86283 0
20.5716 5.6414 0
6030.4 447.393 0
10283.6 664.896 0
13176.5 346.207 0
10117.5 415.241 0
7141.68 179.391 0
4196.97 117.48 0
2636.84 84.3659 0
1548.48 58.5025 0
843.904 42.5909 0
505.276 29.6553 0
283.264 23.9214 0
166.597 16.9893 0
111.521 15.0104 0
63.9267 7.10027 0
11.0622 1.87469 0
4922.47 274.269 0
4943.89 253.451 0
6652.08 203.065 0
5217.41 170.263 0
3687.88 106.064 0
2414.8 79.7418 0
1463.98 55.3557 0
921.572 44.9184 0
525.975 37.6457 0
268.33 21.8812 0
175.353 15.8841 0
106.162 14.0329 0
55.103 10.0055 0
30.5219 3.95737 0
7.76608 1.64435 0
10133.6 242.168 0
4951.96 175.879 0
5429.75 153.833 0
4175.99 104.039 0
3077.88 81.847 0
1927.24 58.6828 0
1198.79 49.2192 0
697.494 34.2628 0
389.154 23.8287 0
246.558 19.2791 0
127.248 13.8895 0
75.8484 9.94272 0
49.6186 8.39657 0
23.4821 3.6551 0
5.34158 1.17627 0
