0.117292 0.000251102
0.117292 0.000251102
0.117292 0.000251102
0.121259 0.000310958
0.121259 0.000310958
0.121259 0.000310958
0.192501 0.000922033
0.192501 0.000922033
0.192501 0.000922033
0.299354 0.00216589
0.299354 0.00216589
0.299354 0.00216589
0.461997 0.0115295
0.461997 0.0115295
0.461997 0.0115295
0.11956 0.00025704
0.11956 0.00025704
0.11956 0.00025704
0.125099 0.000313686
0.125099 0.000313686
0.125099 0.000313686
0.196836 0.000861579
0.196836 0.000861579
0.196836 0.000861579
0.307875 0.00192392
0.307875 0.00192392
0.307875 0.00192392
0.444741 0.00950608
0.444741 0.00950608
0.444741 0.00950608
