0.101719 0.000505639
0.181423 0.00053135
0.0718594 0.000301721
0.0994873 0.000621443
0.186015 0.000665133
0.0804829 0.000395501
0.148084 0.00163518
0.297559 0.00172543
0.130914 0.00108098
0.226525 0.00361697
0.429705 0.00356772
0.228278 0.00253886
0.361494 0.0166826
0.590306 0.0152088
0.419433 0.0131604
0.105147 0.000511999
0.187724 0.000533798
0.0737844 0.000303339
0.104342 0.000635596
0.194467 0.000677359
0.0825174 0.000396178
0.149662 0.00162896
0.311285 0.00173096
0.133492 0.00107866
0.254372 0.00381461
0.443199 0.00350143
0.227182 0.00252573
0.333089 0.0150865
0.550422 0.0143948
0.407236 0.0137404
