26139 2411.46 0
96472.3 2857.54 0
119598 1971.4 0
84616.5 1404.98 0
45496.3 904.371 0
22262 543.081 0
11869.6 329.441 0
5958.51 202.665 0
3215.04 131.138 0
1775.95 83.7298 0
1035.38 121.979 0
637.452 53.3303 0
376.389 33.9605 0
181.306 15.4529 0
47.1208 6.79646 0
19076 1567.44 0
57845.6 1972.04 0
71065.6 1579.99 0
53098 1086.16 0
28929.8 893.87 0
16577.1 399.027 0
8864.07 273.227 0
4616.11 146.233 0
2653.3 100.947 0
1338.16 73.2836 0
769.613 54.3525 0
514.928 42.0246 0
336.189 36.8811 0
176.307 11.5295 0
24.9326 4.55714 0
13696.2 1204.28 0
37155.3 1261.87 0
45216.5 1044.35 0
32811.7 990.039 0
19693.5 436.202 0
10772.6 255.611 0
5989.92 165.185 0
3558.89 124.328 0
1863.66 73.1566 0
1080.44 53.6765 0
629.559 39.7754 0
368.012 33.4515 0
282.273 32.1685 0
107.458 10.4258 0
28.6762 4.18722 0
8661 915.763 0
19234 827.239 0
23116 916.973 0
18895.6 452.714 0
11627 283.824 0
7183.7 177.874 0
3950.7 121.329 0
2268.95 73.6806 0
1389.5 61.7971 0
672.99 38.5531 0
436.68 30.6476 0
291.769 26.3227 0
175.342 18.6503 0
71.7257 8.1619 0
21.5886 5.70958 0
21980 600 0
20702.9 564.286 0
25469 433 0
20110 356 0
14292 226 0
8715 159 0
5382 115 0
3221 82 0
1775 57 0
1033 41 0
581 30 0
367 26 0
220 20 0
117.52 11.8307 0
23.9122 3.09792 0
